0 32
35 5
43 5
52 4
60 4
68 235
120273 3
120276 2
120279 3
120282 3
120285 3
120289 2
120292 2
120294 3
120297 3
120301 3
120307 255
240574 4
240581 5
240590 4
240598 4
240606 4
240613 5
240621 5
240629 4
240637 5
240646 4
240653 181
360827 1
360828 3
360831 3
360834 2
360837 2
360840 0
360843 0
360845 4
360852 5
360861 4
360869 328
481107 1
481109 2
481111 3
481114 1
481117 4
481125 4
481133 5
481142 4
481149 4
481157 5
481166 318
601385 2
601390 4
601398 5
601406 5
601414 5
601423 4
601431 3
601438 5
601446 4
601454 5
601462 293
721648 3
721651 2
721654 0
721657 0
721659 4
721667 5
721676 4
721684 5
721692 5
721700 5
721709 319
841904 1
841906 1
841908 2
841910 3
841913 3
841916 3
841919 3
841922 3
841925 3
841928 4
841936 325
962178 2
962181 1
962184 1
962187 0
962188 2
962191 2
962194 2
962197 2
962200 2
962205 5
962213 327
1082497 4
1082505 5
1082514 4
1082522 4
1082530 5
1082538 5
1082547 4
1082555 5
1082563 5
1082572 4
