994 248
121244 5
121337 5
121440 4
121530 3
121629 5
121728 2
121828 2
121934 3
122025 4
122124 4
122224 260
242467 3
242563 2
242663 3
242762 2
242860 2
242959 3
243058 3
243158 2
243256 3
243356 5
243458 252
363696 2
363795 3
363894 4
363993 2
364092 2
364204 4
364290 2
364403 4
364488 3
364587 2
364688 264
484927 2
485026 1
485125 3
485232 5
485325 5
485429 4
485521 1
485620 3
485719 4
485818 4
485920 250
606158 2
606272 4
606356 2
606455 5
606554 2
606653 3
606753 4
606851 3
606950 1
607050 4
607163 244
727389 5
727501 4
727588 1
727687 4
727786 4
727884 5
727984 3
728082 4
728181 5
728280 4
728393 240
848621 4
848732 5
848820 5
848918 2
849023 4
849116 4
849221 5
849313 4
849419 5
849512 4
849634 230
969857 4
969951 5
970054 4
970165 4
970257 4
970347 3
970446 1
970545 2
970662 4
970743 5
970851 246
1091083 5
1091182 4
1091281 5
1091380 4
1091493 4
1091579 4
1091677 3
1091780 5
1091875 3
1091982 4
