0 268
282 268
600 354
973 131
1292 268
1650 428
2237 367
2695 499
3532 350
4267 500
4908 56
4988 84
5103 478
5792 327
6222 119
6507 226
6941 67
7109 26
7218 92
7637 244
8056 231
8622 28
8751 421
9328 198
9535 107
9862 277
10520 481
11278 27
11629 44
11989 238
12374 93
12607 267
12893 375
13409 330
13815 342
14246 68
14711 210
15011 391
15431 155
15662 425
16300 47
16734 421
17417 237
17941 386
18537 273
19059 431
19822 24
19971 294
20429 389
20908 376
21295 119
21696 249
22087 284
22458 345
22895 233
23346 36
23545 353
24091 274
24725 328
25158 261
25814 131
26339 483
27144 52
27374 170
27620 306
28239 119
28754 242
29057 322
29544 481
30128 119
30491 490
31200 276
31721 135
32154 404
32602 125
33118 61
33458 227
33689 3
34038 336
34645 358
35006 165
35346 204
35642 361
36168 262
36490 36
36626 163
36855 459
37348 419
38061 7
38199 464
39000 446
39522 172
39705 79
40152 13
40338 414
41116 354
41490 440
42306 182
42826 196
43365 497
44223 128
44576 238
45092 196
45590 315
46259 2
46491 101
46668 186
47218 131
47716 383
48355 225
48769 378
49268 463
50010 37
50087 498
50693 89
50790 225
51339 114
51593 201
52177 162
52355 158
52663 113
53154 281
53624 219
53953 267
54357 392
54823 18
54931 28
55213 69
55425 85
55647 360
56142 88
56279 176
56810 52
57023 346
57634 493
58475 107
58904 93
59233 122
59424 87
59878 75
60086 84
60448 393
60983 73
61181 425
61666 72
61757 296
62207 160
62657 59
62862 190
63332 435
64046 34
64250 183
64438 34
64573 466
65109 358
65680 387
66381 113
66764 387
67331 346
67847 431
68581 443
69319 129
69806 206
70230 273
70903 211
71232 0
71313 73
71542 461
72076 248
72407 167
72669 499
73562 349
74299 165
74758 140
75287 9
75364 40
75551 400
76119 430
76553 470
77059 422
77789 457
78515 295
78852 97
79105 322
79756 468
80306 156
80814 167
81149 283
81466 338
82191 392
82831 427
83603 57
84029 120
84189 394
84969 158
85411 235
85853 486
86434 186
86787 340
87268 111
87745 418
88543 52
88614 71
88957 188
89536 196
89858 130
90008 36
90201 234
90751 127
91111 401
91594 386
92312 61
92703 159
92885 47
93190 8
93596 13
93669 148
93848 81
94125 36
94181 488
94705 43
94912 399
95342 244
95814 118
96123 208
96730 20
96856 64
97192 61
97300 262
97646 56
97868 339
98235 75
98515 240
98920 369
99400 265
99870 357
100624 78
100811 248
101422 336
101926 60
102057 141
102300 196
102524 343
102904 397
103643 451
104097 135
104620 75
104715 374
105396 114
105601 390
106161 318
106591 451
107439 337
107933 97
108341 323
109008 205
109251 126
109459 76
109782 129
110158 195
110454 227
110791 446
111255 282
111838 451
112487 184
113009 34
113188 198
113635 90
113873 284
114392 368
114862 143
115297 301
115628 122
116060 382
116666 381
117397 165
117837 476
118665 463
119521 19
119729 32
120143 259
120681 487
121371 394
121791 249
122403 384
123186 38
123288 195
123489 44
123914 212
124433 393
125030 148
125389 75
125715 328
126340 57
126752 392
127461 156
127876 317
128444 30
128856 84
128949 280
129323 263
129869 455
130409 495
131115 364
131529 108
131736 198
132179 69
132265 349
132723 15
132948 310
133373 119
133580 21
133837 258
134326 273
134997 154
135349 266
135921 30
136260 337
136615 371
137320 389
138018 424
138656 10
138962 205
139449 65
139763 457
140301 369
140989 131
141171 119
141379 79
141631 455
142374 106
142529 381
143123 29
143209 180
143716 27
143776 78
144210 138
144469 323
144866 362
145404 459
146076 8
146414 197
146669 193
147259 153
147727 339
148143 168
148317 378
148924 273
149315 471
150065 393
150840 304
151423 339
152059 311
152470 145
152915 4
153290 269
153931 440
154745 89
155212 401
155696 437
156217 498
156839 499
157546 375
158039 492
158740 484
159282 363
159884 22
160057 479
160755 21
161074 492
161812 317
162144 202
162701 106
162897 485
163567 28
163670 319
164010 64
164381 446
164894 228
165166 484
165652 352
166108 303
166725 73
166825 43
167265 72
167569 219
168058 10
168303 476
169174 360
169664 217
170105 300
170423 419
171054 403
171574 332
172135 190
172549 68
172627 95
172908 190
173436 126
173930 122
174392 414
174868 183
175258 304
175620 259
176178 349
176573 158
176996 469
177691 488
178472 445
179262 414
180058 466
180613 158
181125 289
181755 480
182411 342
182925 248
183312 415
184042 72
184358 390
184784 453
185509 423
186182 246
186572 166
186826 358
187187 383
187923 160
188122 261
188713 329
189350 87
189707 342
190191 252
190638 455
191383 20
191437 262
191988 146
192271 79
192512 295
193071 262
193499 166
193940 258
194319 337
194855 6
195244 442
195733 263
196295 423
196797 154
197272 204
197781 430
198337 296
199014 72
199271 146
199816 414
200532 257
201076 231
201333 114
201825 50
202238 69
202694 273
203166 158
203623 412
204374 285
205036 490
205675 62
205741 370
206494 455
207182 352
207734 54
208186 423
208741 354
209097 149
209554 127
210036 315
210708 302
211307 80
211662 318
212150 496
212752 318
213222 308
213623 155
213958 143
214478 258
215077 337
215428 449
216136 265
216774 284
217284 115
217521 326
217883 67
218189 235
218606 177
218908 97
219082 316
219601 101
219812 1
220031 423
220707 486
221224 73
221303 416
221795 93
222216 462
222710 355
223416 428
224195 334
224885 406
225666 337
226085 42
226190 177
226561 375
227132 232
227452 177
227647 112
228116 295
228674 85
228788 341
229271 162
229804 226
230408 414
230937 14
231208 66
231616 405
232042 140
232398 341
232934 210
233218 245
233694 361
234229 40
234449 338
235054 418
235559 429
236187 374
236739 161
237038 97
237459 210
237952 14
238319 294
238856 244
239252 448
239782 404
240424 119
240736 224
241198 246
241459 453
242076 434
242753 274
243074 72
243246 374
243692 2
243911 124
244343 414
244895 67
244987 167
245225 310
245865 182
246432 323
246981 391
247618 3
248018 137
248531 1
248693 179
248979 379
249558 198
249889 262
250178 433
250895 205
251160 94
251349 282
251979 383
252593 461
253224 414
254033 331
254480 410
255034 380
255506 163
255725 391
256210 435
256897 328
257312 288
257684 364
258075 43
258438 54
258532 235
258821 459
259493 21
259725 115
259911 351
260462 210
260887 209
261354 206
261923 461
262653 48
262836 262
263332 80
263647 341
264127 370
264775 426
265371 224
265842 228
266446 252
266727 134
267028 438
267573 316
268134 279
268692 404
269127 145
269318 115
269566 354
270269 496
270956 377
271370 73
271558 291
271993 488
272598 185
273021 432
273472 354
274109 47
274320 42
274737 13
275139 404
275819 398
276269 221
276850 305
277491 131
277743 268
278218 11
278298 157
278852 251
279350 115
279677 441
280150 467
280913 199
281231 414
281696 26
281803 67
282265 494
283155 196
283423 484
284039 58
284253 367
284773 245
285030 118
285449 253
286094 217
286586 419
287343 177
287587 399
288008 356
288455 476
289187 272
289857 88
290299 129
290716 490
291314 335
291881 272
292176 178
292458 340
293048 230
293402 73
293521 42
293932 430
294494 61
294723 108
295187 436
295704 432
296321 0
296508 257
296851 300
297289 304
297899 189
298140 111
298259 227
298837 357
299255 233
299563 129
300072 29
300480 219
300923 4
301097 23
301403 142
301886 314
302483 435
302990 477
303590 230
304116 343
304794 9
305018 374
305732 420
306446 411
307197 208
307598 272
307889 101
308140 355
308694 323
309206 462
310052 443
310670 13
310996 31
311201 101
311595 317
312311 234
312670 227
313081 164
313395 148
313592 454
314255 443
315029 440
315600 403
316144 398
316649 265
317026 165
317377 270
317769 290
318219 281
318743 298
319054 414
319698 250
320039 199
320620 327
321126 381
321596 194
321807 299
322341 191
322812 163
322999 216
323295 373
323943 59
324375 389
324930 473
325468 370
326112 464
326752 201
327183 179
327401 234
327712 380
328356 482
329064 319
329414 166
329926 113
330369 326
330787 246
331042 381
331497 95
331886 94
332232 15
332513 172
332822 246
333120 410
333796 134
334121 190
334349 248
334682 176
335170 307
335828 377
336229 354
336683 218
337111 284
337674 23
338013 472
338769 308
339434 239
339679 378
340429 458
341116 375
341890 89
342171 442
342683 405
343406 393
344010 223
344391 328
345006 106
345384 327
346030 324
346737 86
347049 166
347360 327
347759 339
348420 62
348741 406
349454 18
349685 454
350455 261
351109 350
351560 91
351888 86
352110 192
352665 397
353419 161
353932 98
354204 378
354863 306
355428 471
356271 143
356563 41
356717 416
357134 231
357537 128
357947 93
358295 366
359031 484
359841 466
360674 196
361029 49
361374 402
362039 441
362878 470
363397 72
363726 126
364198 16
364245 433
364689 414
365292 293
365857 268
366446 98
366898 394
367661 424
368162 272
368697 481
369446 351
369895 119
370344 270
370912 260
371425 311
372023 323
372525 483
373267 331
373895 169
374316 473
375057 466
375660 6
375834 472
376353 147
376657 212
376920 215
377286 21
377497 54
377572 329
377966 491
378518 301
379083 182
379395 425
379890 371
380551 447
381138 436
381925 485
382566 172
383133 286
383479 352
383876 184
384446 189
384871 48
385006 86
385292 70
385730 253
386087 272
386413 61
386670 113
386951 454
387524 495
388200 482
388752 391
389417 76
389759 104
390080 239
390712 415
391246 31
391432 17
391797 362
392373 28
392479 166
392832 177
393378 27
393781 226
394304 315
394958 254
395217 413
395839 35
395969 454
396710 373
397376 373
397778 102
398265 372
398880 123
399215 24
399597 325
399937 183
400235 186
400532 124
400846 220
401464 444
402197 77
402301 192
402731 304
403254 63
403504 471
404292 93
404527 56
404827 46
405072 388
405799 237
406394 119
406723 362
407256 497
407899 94
408273 295
408901 4
409118 44
409250 15
409591 91
409998 405
410472 120
410986 252
411619 137
412035 196
412321 353
412806 454
413301 49
413440 315
413835 455
414352 11
414414 2
414815 449
415407 279
415973 360
416534 413
417206 328
417933 12
418184 411
418756 375
419245 292
419902 458
420485 134
420856 261
421443 405
421878 300
422361 268
422904 251
423536 47
423798 407
424560 424
425086 70
425530 40
425834 90
426243 39
426576 195
426912 135
427254 316
427778 22
427855 102
428307 9
428428 70
428777 67
428974 328
429456 224
429717 188
430110 37
430297 236
430715 353
431241 304
431583 223
432022 384
432628 154
432912 427
433522 316
433932 226
434207 76
434293 411
434992 67
435363 48
435705 451
436400 40
436702 128
436958 185
437169 83
437635 381
438146 184
438459 198
438905 45
439188 331
439800 324
440343 157
440554 211
440855 311
441385 203
441913 315
442485 372
442917 77
443089 53
443256 374
443998 263
444307 385
444949 63
445119 278
445676 63
446020 67
446259 189
446663 34
447019 181
447549 16
447857 412
448313 57
448639 217
448963 221
449437 19
449846 41
450212 404
450995 352
451504 229
451796 449
452279 349
452707 436
453427 401
454190 427
454890 279
455210 369
455658 99
456055 262
456442 68
456541 152
457048 163
457255 259
457897 252
458360 93
458657 331
459181 445
459797 272
460374 421
460938 81
461325 259
461763 367
462438 50
462718 40
463025 55
463406 463
464159 275
464553 168
465110 498
465622 213
465960 19
466338 77
466724 156
467207 361
467581 469
468424 78
468861 461
469634 98
469794 116
470016 265
470482 462
471092 330
471732 149
472098 461
472829 422
473511 312
474090 81
474474 371
475061 31
475376 483
475996 367
476404 66
476680 125
476873 191
477428 393
477964 376
478725 86
479035 233
479632 452
480410 46
480808 165
481017 277
481430 399
482168 356
482874 428
483700 357
484194 420
484714 487
485441 301
485821 65
486252 51
486578 407
487249 479
487837 116
488037 224
488530 304
489053 404
489848 147
490068 222
490567 275
491227 216
491556 494
492441 482
492939 165
493436 102
493775 308
494157 128
494480 66
494814 12
494912 89
495236 239
495718 105
496126 41
496344 216
496891 373
497626 332
498165 132
498695 448
499302 16
499580 330
500171 421
500955 402
501412 61
501670 462
502420 406
502883 13
503191 62
503268 431
503990 399
504661 229
504910 307
505526 498
506398 388
507118 187
507454 18
507802 329
508239 388
508704 334
509238 63
509655 401
510428 418
511089 417
511808 372
512251 402
512816 471
513320 35
513739 142
513906 409
514589 220
514859 145
515331 68
515758 352
516423 222
516688 133
517077 202
517299 199
517623 65
517972 106
518130 380
518672 14
518827 274
519328 459
520146 152
520621 118
520832 461
521515 211
521781 371
522548 488
523209 99
523619 470
524317 442
524872 80
525237 284
525659 59
525944 427
526752 111
527170 306
527561 469
528378 462
529126 419
529624 231
530103 9
530347 321
530680 177
530952 410
531471 387
531888 391
532560 191
532791 361
533232 189
533507 466
534221 88
534417 118
534886 404
535547 347
536164 459
536654 293
537011 253
537277 13
537676 119
538079 280
538479 271
539043 105
539195 346
539566 161
539731 250
540337 353
540803 486
541330 425
542140 21
542230 382
542812 72
542909 477
543763 288
